defaults:
  - base_training

learning_rate: 0.00018587579017686608
epochs: 50
loss: loss
loss_name: mse
num_classes: 5

W_loss_ce: 1.9782950483712796
W_loss_bbox: 7.288554166658245
W_loss_giou: 0.5196035419818238
W_loss_motion: 3.779739939341425

W_match_ce: 1.9782950483712796
W_match_bbox: 7.288554166658245
W_match_giou: 0.5196035419818238
