defaults:
  - base_training

learning_rate: 0.00013388349728498154
epochs: 50
loss: loss
loss_name: mse
num_classes: 5

W_loss_ce: 2.76097627119525
W_loss_bbox: 3.7303299671206087
W_loss_giou: 6.181540055332421
W_loss_motion: 1.194476092154033
W_match_ce: 2.76097627119525
W_match_bbox: 3.7303299671206087
W_match_giou: 6.181540055332421
